0.05 0.0 4.0 
0.05 0.0196 19.0 
0.05 0.0392 42.0 
0.05 0.0588 18.0 
0.05 0.0784 11.0 
0.05 0.098 19.0 
0.05 0.1176 19.0 
0.05 0.1373 21.0 
0.05 0.1569 21.0 
0.05 0.1765 21.0 
0.05 0.1961 18.0 
0.05 0.2157 22.0 
0.05 0.2353 18.0 
0.05 0.2549 12.0 
0.05 0.2745 20.0 
0.05 0.2941 24.0 
0.05 0.3137 13.0 
0.05 0.3333 28.0 
0.05 0.3529 20.0 
0.05 0.3725 18.0 
0.05 0.3922 16.0 
0.05 0.4118 19.0 
0.05 0.4314 17.0 
0.05 0.451 18.0 
0.05 0.4706 28.0 
0.05 0.4902 12.0 
0.05 0.5098 20.0 
0.05 0.5294 20.0 
0.05 0.549 17.0 
0.05 0.5686 21.0 
0.05 0.5882 24.0 
0.05 0.6078 18.0 
0.05 0.6275 10.0 
0.05 0.6471 23.0 
0.05 0.6667 27.0 
0.05 0.6863 15.0 
0.05 0.7059 18.0 
0.05 0.7255 24.0 
0.05 0.7451 21.0 
0.05 0.7647 20.0 
0.05 0.7843 23.0 
0.05 0.8039 13.0 
0.05 0.8235 20.0 
0.05 0.8431 25.0 
0.05 0.8627 21.0 
0.05 0.8824 20.0 
0.05 0.902 18.0 
0.05 0.9216 25.0 
0.05 0.9412 21.0 
0.05 0.9608 30.0 
0.05 0.9804 7.0 
