0.05 0.0 0.0 
0.05 0.0196 0.0 
0.05 0.0392 0.0 
0.05 0.0588 1.0 
0.05 0.0784 0.0 
0.05 0.098 0.0 
0.05 0.1176 0.0 
0.05 0.1373 1.0 
0.05 0.1569 0.0 
0.05 0.1765 0.0 
0.05 0.1961 0.0 
0.05 0.2157 0.0 
0.05 0.2353 1.0 
0.05 0.2549 0.0 
0.05 0.2745 0.0 
0.05 0.2941 1.0 
0.05 0.3137 0.0 
0.05 0.3333 0.0 
0.05 0.3529 1.0 
0.05 0.3725 0.0 
0.05 0.3922 0.0 
0.05 0.4118 0.0 
0.05 0.4314 1.0 
0.05 0.451 0.0 
0.05 0.4706 0.0 
0.05 0.4902 0.0 
0.05 0.5098 0.0 
0.05 0.5294 1.0 
0.05 0.549 0.0 
0.05 0.5686 0.0 
0.05 0.5882 1.0 
0.05 0.6078 0.0 
0.05 0.6275 0.0 
0.05 0.6471 0.0 
0.05 0.6667 1.0 
0.05 0.6863 0.0 
0.05 0.7059 0.0 
0.05 0.7255 0.0 
0.05 0.7451 0.0 
0.05 0.7647 1.0 
0.05 0.7843 0.0 
0.05 0.8039 0.0 
0.05 0.8235 0.0 
0.05 0.8431 0.0 
0.05 0.8627 1.0 
0.05 0.8824 0.0 
0.05 0.902 0.0 
0.05 0.9216 1.0 
0.05 0.9412 0.0 
0.05 0.9608 0.0 
0.05 0.9804 1.0 
