0.05 0.0 0.0010 
0.05 0.0196 0.0122 
0.05 0.0392 0.042 
0.05 0.0588 0.027 
0.05 0.0784 0.0108 
0.05 0.098 0.0184 
0.05 0.1176 0.0268 
0.05 0.1373 0.019 
0.05 0.1569 0.0154 
0.05 0.1765 0.0222 
0.05 0.1961 0.0152 
0.05 0.2157 0.0244 
0.05 0.2353 0.0178 
0.05 0.2549 0.0090 
0.05 0.2745 0.018 
0.05 0.2941 0.0254 
0.05 0.3137 0.0156 
0.05 0.3333 0.0272 
0.05 0.3529 0.0408 
0.05 0.3725 0.014 
0.05 0.3922 0.015 
0.05 0.4118 0.025 
0.05 0.4314 0.0204 
0.05 0.451 0.0168 
0.05 0.4706 0.0242 
0.05 0.4902 0.0090 
0.05 0.5098 0.0288 
0.05 0.5294 0.0218 
0.05 0.549 0.0178 
0.05 0.5686 0.0198 
0.05 0.5882 0.0144 
0.05 0.6078 0.0172 
0.05 0.6275 0.0090 
0.05 0.6471 0.026 
0.05 0.6667 0.0256 
0.05 0.6863 0.022 
0.05 0.7059 0.0224 
0.05 0.7255 0.026 
0.05 0.7451 0.0208 
0.05 0.7647 0.0158 
0.05 0.7843 0.023 
0.05 0.8039 0.0122 
0.05 0.8235 0.0124 
0.05 0.8431 0.0178 
0.05 0.8627 0.0304 
0.05 0.8824 0.0164 
0.05 0.902 0.0136 
0.05 0.9216 0.0322 
0.05 0.9412 0.0244 
0.05 0.9608 0.0162 
0.05 0.9804 0.0014 
